-9.073455
-7.795641
-9.800050
-7.733875
-9.363447
-7.588492
-8.674428
-8.211850
-8.297159
-6.726628
-7.713293
-6.662118
-7.572565
-6.486781
-7.445870
-5.959834
-6.741298
-3.647957
-6.721701
-3.122262
-5.596479
-2.461485
-4.312602
-1.726144
-3.601440
-0.491891
-3.137544
-0.316307
-2.092358
-0.154074
-1.632573
-0.058981
-1.500553
0.161188
-0.667407
1.352951
-0.263213
2.013481
0.076867
2.401259
1.637150
3.242254
3.675300
3.738127
3.944432
5.224965
4.790165
5.781999
5.296592
9.470510
5.909908
6.830269
7.233221
8.068715
7.886360
8.627722
8.590727
8.768107
8.716706
8.921305
